globaltag = POSTLS171_V11::All
==> using COND/Services/RelationalAuthenticationService for auth, sys 1
==> using COND/Services/RelationalAuthenticationService for auth, sys 1
Wheel -2 station 1 sector 11
Segment position and direction
 (90.0813,-21.1582,0)   (0.135725,0.879049,-0.457002) 
Segment position and direction uncertainty

  3.37522e-07             0  -1.37232e-12             0 
            0   0.000720397             0    -0.0046105 
 -1.37232e-12             0   4.73121e-05             0 
            0    -0.0046105             0      0.060536 

Segment position and direction uncertainty with APE

  0.000253263   -0.00124316  -1.37232e-12             0 
  -0.00124316   0.000730397             0    -0.0046105 
 -1.37232e-12             0   5.73121e-05  -9.99715e-06 
            0    -0.0046105  -9.99715e-06      0.060546 

Wheel -2 station 1 sector 11
Segment position and direction
 (90.0811,-17.5071,0)   (0.189495,0.74631,-0.638054) 
Segment position and direction uncertainty

  3.37522e-07             0  -1.24757e-12             0 
            0   0.000720393             0   -0.00461048 
 -1.24757e-12             0   4.73121e-05             0 
            0   -0.00461048             0     0.0605356 

Segment position and direction uncertainty with APE

  0.000253263   -0.00124316  -1.24757e-12             0 
  -0.00124316   0.000730393             0   -0.00461048 
 -1.24757e-12             0   5.73121e-05  -9.99715e-06 
            0   -0.00461048  -9.99715e-06     0.0605456 

Wheel -2 station 2 sector 12
Segment position and direction
 (-100.061,71.5696,0)   (-0.148888,0.767017,-0.624114) 
Segment position and direction uncertainty

  4.94413e-07             0   9.67638e-07             0 
            0    0.00117081             0   -0.00825418 
  9.67638e-07             0   6.59482e-05             0 
            0   -0.00825418             0      0.107467 

Segment position and direction uncertainty with APE

  0.000253785   -0.00124458   9.67638e-07             0 
  -0.00124458    0.00118081             0   -0.00825418 
  9.67638e-07             0   7.59482e-05  -9.99855e-06 
            0   -0.00825418  -9.99855e-06      0.107477 

Wheel 2 station 1 sector 5
Segment position and direction
 (-91.3575,5.9138,0)   (-0.199353,0.730937,-0.652679) 
Segment position and direction uncertainty

  3.37522e-07             0   -3.4932e-12             0 
            0   0.000720395             0   -0.00461049 
  -3.4932e-12             0   4.73121e-05             0 
            0   -0.00461049             0     0.0605358 

Segment position and direction uncertainty with APE

  0.000252698   -0.00124558   -3.4932e-12             0 
  -0.00124558   0.000730395             0   -0.00461049 
  -3.4932e-12             0   5.73121e-05  -9.99902e-06 
            0   -0.00461049  -9.99902e-06     0.0605458 

Wheel 2 station 2 sector 6
Segment position and direction
 (98.2494,94.3724,0)   (0.150842,0.746049,-0.648581) 
Segment position and direction uncertainty

   3.9984e-07             0  -3.67665e-12             0 
            0   0.000468335             0   -0.00299732 
 -3.67665e-12             0   5.60476e-05             0 
            0   -0.00299732             0     0.0393549 

Segment position and direction uncertainty with APE

   0.00025264   -0.00124361  -3.67665e-12             0 
  -0.00124361   0.000478335             0   -0.00299732 
 -3.67665e-12             0   6.60476e-05  -9.99725e-06 
            0   -0.00299732  -9.99725e-06     0.0393649 

Wheel -2 station 1 sector 11
Segment position and direction
 (90.0813,-21.1582,0)   (0.135725,0.879049,-0.457002) 
Segment position and direction uncertainty

  3.37522e-07             0  -1.37232e-12             0 
            0   0.000720397             0    -0.0046105 
 -1.37232e-12             0   4.73121e-05             0 
            0    -0.0046105             0      0.060536 

Segment position and direction uncertainty with APE

  0.000253263   -0.00124316  -1.37232e-12             0 
  -0.00124316   0.000730397             0    -0.0046105 
 -1.37232e-12             0   5.73121e-05  -9.99715e-06 
            0    -0.0046105  -9.99715e-06      0.060546 

Wheel -2 station 1 sector 11
Segment position and direction
 (90.0811,-17.5071,0)   (0.189495,0.74631,-0.638054) 
Segment position and direction uncertainty

  3.37522e-07             0  -1.24757e-12             0 
            0   0.000720393             0   -0.00461048 
 -1.24757e-12             0   4.73121e-05             0 
            0   -0.00461048             0     0.0605356 

Segment position and direction uncertainty with APE

  0.000253263   -0.00124316  -1.24757e-12             0 
  -0.00124316   0.000730393             0   -0.00461048 
 -1.24757e-12             0   5.73121e-05  -9.99715e-06 
            0   -0.00461048  -9.99715e-06     0.0605456 

Wheel -2 station 2 sector 12
Segment position and direction
 (-100.061,71.5696,0)   (-0.148888,0.767017,-0.624114) 
Segment position and direction uncertainty

  4.94413e-07             0   9.67638e-07             0 
            0    0.00117081             0   -0.00825418 
  9.67638e-07             0   6.59482e-05             0 
            0   -0.00825418             0      0.107467 

Segment position and direction uncertainty with APE

  0.000253785   -0.00124458   9.67638e-07             0 
  -0.00124458    0.00118081             0   -0.00825418 
  9.67638e-07             0   7.59482e-05  -9.99855e-06 
            0   -0.00825418  -9.99855e-06      0.107477 

Wheel 2 station 1 sector 5
Segment position and direction
 (-91.3575,5.9138,0)   (-0.199353,0.730937,-0.652679) 
Segment position and direction uncertainty

  3.37522e-07             0   -3.4932e-12             0 
            0   0.000720395             0   -0.00461049 
  -3.4932e-12             0   4.73121e-05             0 
            0   -0.00461049             0     0.0605358 

Segment position and direction uncertainty with APE

  0.000252698   -0.00124558   -3.4932e-12             0 
  -0.00124558   0.000730395             0   -0.00461049 
  -3.4932e-12             0   5.73121e-05  -9.99902e-06 
            0   -0.00461049  -9.99902e-06     0.0605458 

Wheel 2 station 2 sector 6
Segment position and direction
 (98.2494,94.3724,0)   (0.150842,0.746049,-0.648581) 
Segment position and direction uncertainty

   3.9984e-07             0  -3.67665e-12             0 
            0   0.000468335             0   -0.00299732 
 -3.67665e-12             0   5.60476e-05             0 
            0   -0.00299732             0     0.0393549 

Segment position and direction uncertainty with APE

   0.00025264   -0.00124361  -3.67665e-12             0 
  -0.00124361   0.000478335             0   -0.00299732 
 -3.67665e-12             0   6.60476e-05  -9.99725e-06 
            0   -0.00299732  -9.99725e-06     0.0393649 

